420694 77183
683335 553295
465802 515620
650865 956216
831380 563810
361524 976445
177013 136585
938583 602077
482003 427356
832791 770063
976632 436488
681266 913852
997809 14474
127330 81161
401559 757627
858675 985406
431082 596075
479092 7859
542214 981454
931241 33008
791684 77750
144672 103476
289188 692727
373971 912486
172795 572347
279636 112020
7758 513158
727064 787796
905759 514671
78746 202758
428720 724163
428006 482914
101135 457090
22229 850283
177541 415514
234758 619598
522411 429581
98613 591982
278675 359990
957269 628658
34374 290789
198664 55768
333109 683852
116139 307919
708031 509115
356337 821306
721262 656389
736686 375851
309305 894026
204942 322379
534559 944393
48369 80242
454125 645918
547697 86920
792078 529806
652948 253708
655051 958125
870415 668742
720936 501266
171625 134334
67045 679265
809442 556555
600467 513240
606797 745799
294884 979457
57300 614056
702816 563447
284742 260404
847825 344734
131467 404058
210181 154719
736952 929474
296699 833698
900360 577844
724117 844987
739804 587210
95986 136207
498739 507843
685693 458646
944722 241808
380004 679579
950631 675125
983897 60152
624036 275004
902359 860640
74844 773758
104382 643255
848773 636012
137576 314305
886558 80145
245778 141374
500453 184531
312331 34404
727978 826291
945393 897036
934321 700644
905119 498462
618948 705112
740458 565297
294280 930908
505822 262327
85874 881980
327522 176370
363211 259263
403951 833083
251924 758014
946999 172466
826845 644574
774608 593715
793970 947250
835027 603155
295200 822870
531790 55001
746444 672797
964104 798949
888739 574297
324288 815897
716360 253084
974461 446940
852769 846838
702442 608023
928113 309353
475625 985458
191836 535574
334742 226894
2145 425845
693614 314213
181145 133612
376423 812937
464075 591191
82112 816908
641210 433214
365636 214100
247238 697329
694218 724005
510389 708427
686339 60720
11086 583408
227978 382300
23710 677852
616324 606060
385110 882702
44754 289784
912148 50293
438722 567763
617833 870719
929996 325419
80353 738898
21897 18931
701626 883098
401263 461736
42484 821449
436967 118927
299802 693273
774458 247126
804545 332439
703685 814840
129959 881453
742483 181429
816721 681048
346409 462031
773427 464356
786914 98253
643642 454590
931363 106232
206023 692055
205955 991935
863709 402713
415475 918048
601581 213123
329051 598341
113425 388934
360354 197940
746439 305922
604452 36948
520615 9714
638370 849544
257870 191390
93995 696543
311457 763520
126346 182315
603140 738005
884748 640254
168949 479492
601209 970525
972347 285823
114280 947731
718933 13604
135132 661155
195312 611609
191531 226131
656662 300603
265317 456996
367936 722667
45511 67742
32137 487301
510108 81582
704906 937931
944427 199789
951688 943863
623569 759076
672567 464880
244917 713599
683554 79024
5723 183411
743431 282443
159335 761637
661205 86533
451694 680485
848397 351820
500642 513069
898381 141147
463255 834488
129495 196809
519267 960471
626726 569965
825435 899380
240623 857791
638307 644697
729609 138987
248522 467004
724109 351313
476767 633002
226387 681100
520953 439108
304039 7774
850520 990121
408910 977500
959955 882208
697932 787557
854534 663835
445074 705003
681314 415048
115686 222656
197278 762050
846386 729606
959812 534197
303469 900918
102114 789562
13134 954059
361103 503600
797800 713990
601808 668651
933179 699026
81802 591532
600903 80173
727320 66191
116030 472467
85899 27570
131784 450053
527917 596940
867794 373226
196443 732429
546031 740249
411086 774599
678910 398867
209759 957529
523709 820668
617704 241643
40540 587651
203598 665013
684984 317019
373786 679892
386832 497860
520784 905023
354921 800651
428430 570941
519217 628176
38947 106895
870960 302985
491806 144587
554812 924582
877124 787349
5468 303132
518036 890062
969825 387305
201507 330603
662416 154398
121107 376996
895066 377377
934098 865418
775261 833097
485457 127255
833074 369610
109378 198417
612124 411306
341331 732921
924688 588376
919177 157964
783008 423049
409507 543957
909757 829732
598799 261378
660331 539054
653870 72226
230441 264687
727511 906911
517488 113317
113848 589688
630288 595794
127660 916047
201580 713733
487323 954203
229490 702910
631028 396673
74402 744038
235350 86474
557583 887353
872510 444600
801118 809725
850547 966849
783088 32920
671680 593548
602514 424727
28593 719526
112430 954613
812339 411082
466945 272476
69774 540574
596782 575390
605764 480214
532519 78019
661223 999634
461198 542672
89119 998790
509361 713948
913363 441472
661179 504218
881073 652462
788377 21701
194851 251868
189572 415842
457038 742929
49394 485112
966127 580598
646496 975081
221002 623323
115604 434222
552116 15000
4331 172466
224895 246170
737878 776581
867941 339630
513970 169475
152826 65335
434600 884958
518593 629299
624286 879581
905926 894933
76509 519409
633645 557314
415589 778703
415549 263792
135566 112244
105537 531511
728878 955461
628680 120320
692808 859252
636048 116712
978165 126691
942433 243772
792945 877822
169171 596425
293074 118292
92592 835432
587388 940954
502418 436818
454923 709847
720238 33243
337029 706099
90853 263401
890728 793129
31400 136035
472664 590159
363077 780469
294158 617615
568604 500507
738742 635299
673101 359360
694367 575470
419790 346421
777880 369319
205980 856162
750793 822590
1645 240528
101322 283248
519790 357501
466409 133580
529302 417353
414342 383791
480005 956861
238866 601517
155147 590693
15147 800708
487444 345455
235686 992558
538811 204751
765334 950145
572690 128137
235794 511571
732158 832440
549353 77188
851806 787011
582670 50729
492320 192006
531563 244548
675028 819375
782723 772286
279833 99532
534188 43183
316878 854602
333621 565793
252828 634708
746445 999759
68552 540224
395826 978475
158056 625091
999708 428738
130851 106745
238336 205765
131993 341042
525295 868113
712164 457748
119210 434945
717442 863989
889390 240330
596783 701945
362774 486850
596576 547715
630587 440816
229700 407965
903410 174672
452930 333030
321040 965701
678664 526778
983021 384234
908974 761713
597444 96503
166494 980512
132205 105560
189135 922149
497195 60000
993921 283291
427416 806609
539833 443753
996768 687074
871691 61760
181276 50589
770234 65472
750681 359115
920077 717430
689016 113736
793650 616652
533596 708190
947652 994521
548331 798486
609126 952497
508208 734180
666701 551996
5783 609798
843953 608132
989888 649770
966531 980693
503689 420188
130708 267979
292733 117230
707354 892916
175583 444010
87143 77110
952861 49768
251096 274258
638121 40051
245562 704440
92579 707079
809315 992716
640844 725498
195070 588032
904957 692944
614095 572650
504739 618561
336378 310720
705808 920634
84365 79696
517404 129559
277831 63868
180243 137594
681874 96836
106652 319
224115 79506
699064 273149
528760 936781
624855 938447
240817 316962
679574 628191
962598 400653
583675 230632
277049 131018
619682 274027
622800 907317
395506 367627
989145 356673
621615 180698
315354 140957
811370 726084
256560 894829
42508 19010
751952 615688
191318 55399
347841 11687
954876 53703
616413 843953
854432 22736
114565 584821
360817 311344
98098 405296
339572 156362
584800 455353
333681 151024
316589 657926
73965 35134
159725 541153
676479 931488
162845 306068
378977 210504
770349 310709
277358 795557
557472 93637
223925 953786
505470 392668
930147 860518
160789 762421
612788 99406
468034 352442
299223 311574
121334 657989
767502 630764
281062 103100
401884 53015
246983 163146
957124 813989
571966 855109
456020 750653
483025 987933
183000 144149
593922 106752
435107 616531
967364 444479
437475 78916
691330 624607
331769 704142
862021 449891
572125 432542
157250 459283
756967 124015
989809 591333
4332 800781
952427 744338
763704 31750
270387 725334
273085 235073
428712 259808
791022 101935
853937 175779
866795 864084
806361 82696
680192 98913
488113 60190
988357 675175
696757 792335
77982 608552
565023 218546
969142 496498
734808 863190
600070 745233
357886 93356
757815 956091
843336 838318
401443 996939
64251 475543
660458 888932
874203 640672
483347 841793
429132 876113
324999 976085
602635 490282
642363 852916
602379 34045
970940 36384
186668 252837
833268 252319
250425 427842
33229 564329
550480 245628
350487 187283
431038 11856
679806 906438
467711 736878
18461 705515
309892 952314
433776 758955
73929 987324
643256 528587
542022 612732
736598 698715
797745 762065
345328 987208
185515 463863
600793 222282
897962 513229
27169 384894
751698 798787
885423 964906
899456 702645
849725 31466
736240 156564
438006 513417
598608 34915
544241 417522
318174 358142
562265 746327
15131 396377
392409 639923
449825 606678
786531 225960
230509 551573
540302 755886
13394 437687
551495 735246
458959 994861
223293 687105
209876 864244
11414 919698
409098 78360
316467 355242
217928 173718
67035 179019
49406 999924
151845 897131
902835 222736
56328 413696
686015 800609
533613 23251
265646 34715
456111 341045
445677 810905
137096 442545
257837 910249
415497 753478
273470 20972
712527 396889
314214 421154
759686 786787
124928 512458
384463 904008
894940 620680
416153 166432
932622 808774
435076 635554
624562 475305
914264 694173
237814 145040
571626 500058
77982 205530
166331 618500
770224 967377
248450 347318
486054 82967
803858 630608
254016 44903
837518 198254
548967 984565
11831 694343
778395 215525
406605 141174
772482 745
23447 527536
863122 748581
380664 178365
768482 504580
196251 230609
521481 635105
210820 645265
730812 527549
380753 534102
42925 278081
118031 922809
405402 224381
821097 559535
360171 540260
793633 125441
569693 467648
476323 10369
928629 50273
428919 164483
670282 511396
142946 410607
557270 162707
126792 422567
918197 862107
665061 972045
321687 101508
341156 665466
888793 2968
142456 964411
706995 949509
545903 520193
943183 945074
590261 325293
9741 771818
126001 936099
954128 947480
187980 993383
83994 744722
531716 682941
310249 830577
603620 511434
307134 820365
810392 683622
571066 753687
68553 529828
307736 871249
805395 659046
177015 798387
615593 670712
343544 16424
118747 860716
864061 74300
815489 83257
449214 635629
709857 963693
686851 40544
191934 420888
670057 66515
126284 528908
17110 435753
845609 57274
137598 490344
446764 250468
310746 499453
92157 444830
987154 309031
353266 585584
370985 179177
126541 303211
599457 864591
233108 21391
544687 100760
608505 60724
209027 871901
485711 756069
601793 558582
248499 125422
857380 904997
274689 767500
758817 737508
464758 664535
96100 372657
354190 393379
823466 944432
915488 416261
354227 887378
6848 732608
799304 963241
76467 386028
63623 652123
257436 664740
936792 275060
473929 235413
441635 91556
658283 703839
514003 898222
756215 639436
730963 50680
894181 914548
181778 375879
382247 276079
477755 660136
124427 651304
531157 886529
512269 396367
767963 733811
276372 391825
544410 168081
811471 515859
423327 231808
581539 469989
937147 635127
841696 659181
465623 552310
388948 921322
642051 666538
15016 532747
607334 637322
932560 262526
450604 362913
25019 664354
136421 300692
553298 792206
631289 467864
642111 260684
795244 146977
325407 986626
795183 268980
255110 459626
515882 743653
611833 478148
155144 638605
787768 665805
281239 405229
559402 581808
986677 129007
332436 155518
259906 502387
16581 422608
923851 361913
69167 896665
553731 263044
604846 404588
13671 881498
14813 467153
699085 612777
452255 468767
751795 186456
388592 796235
81286 124744
547449 863637
709540 888419
800826 238944
401230 990731
186577 617262
153679 757387
731134 715424
842658 17877
924850 774936
169611 551106
624613 723425
844826 295352
883943 477169
835432 870106
748121 395724
470 600721
246231 189636
697068 778253
32885 133223
921392 886456
974018 291074
850766 800032
254703 422256
740410 865467
972662 753514
380595 820548
908793 743693
861798 895697
872373 768869
931254 533980
101147 518661
446848 187823
518562 76099
529558 638211
293048 545070
519971 737856
416778 66959
796121 328252
821186 790840
25271 51647
228151 758709
96943 800795
58761 384155
456251 55226
752652 117602
344699 673443
265730 722401
382834 285458
327829 905598
171997 311989
774892 327805
137168 854492
183155 140095
7677 33702
648185 309788
103319 412457
729736 755945
214006 557050
461755 999004
426953 233963
996384 406471
536544 16295
937807 232652
156882 495412
74174 359553
946679 847191
434944 589292
263843 342660
377847 11444
943689 27555
491787 59057
285085 106625
39869 89395
223626 398562
662588 798678
748647 419086
378701 93234
506932 915620
195996 379824
43710 368740
547753 778273
556005 696196
316133 499845
929066 811384
909725 900975
613022 295245
960805 127770
243198 705900
814425 790005
881953 578489
912840 172327
382244 592970
355669 116064
457224 558215
992568 864700
801318 801020
99686 348167
9565 747607
997483 747726
954355 604526
853861 122570
179077 921322
187781 412229
569747 196070
161311 674990
875426 478869
885323 819755
362474 493751
326283 6375
799701 751030
418769 834124
615598 683222
785524 570005
948243 372664
517480 885695
787811 231761
13279 596998
978739 480064
449452 105399
202190 383704
71043 326243
748356 844791
676284 197212
25805 697304
998628 981289
782427 302023
167440 88018
566998 794040
75253 625868
366718 822384
879108 599454
209243 609251
993062 116330
255160 918183
904058 822068
850718 118507
796612 323530
817557 153077
308968 959548
598006 759833
137434 690216
190141 23865
375663 556002
579776 987190
399311 480809
677093 539715
43945 655980
869150 423015
433292 434793
118143 60060
580664 769899
48546 382882
518228 849938
501669 410743
927186 978806
353138 489450
144681 751076
21222 268100
783696 607330
226844 160806
817616 849934
46269 504418
920006 141550
516101 73860
381161 512583
935951 480377
195343 902292
504030 82899
469011 228204
147685 720582
976918 4018
488577 113480
537162 315528
466886 763737
145876 947494
806113 814283
575841 215668
978215 222036
855592 143796
781946 12643
568980 221902
123225 132429
264416 526213
607997 552618
21836 402141
122112 598190
568314 331094
443378 702874
841763 385912
419963 752099
655796 862436
403070 303197
638454 666667
889780 246065
864841 350914
728744 512483
348725 284228
282272 235704
909848 361399
766946 906385
424258 892920
645821 116453
430460 93321
378665 309758
345764 510087
808373 595812
623904 271507
346799 469541
24316 374950
437949 697532
823304 706856
852737 553556
784836 844793
697234 165396
533797 675358
942307 494532
783448 527099
227135 227844
21993 802079
405812 485518
454985 877395
532544 220465
414414 902135
875948 143890
497432 917371
600873 295664
826966 292117
559218 118284
436220 477581
83280 253823
540876 138939
314909 963733
526903 171159
280169 225441
188103 187105
542055 959967
580066 600690
48289 996548
86784 142452
383084 990641
820859 1605
120371 206980
762722 791130
332520 907134
755743 816168
950533 279762
655402 582878
142135 105023
704645 654271
128191 77033
874441 314950
660524 565484
249193 441345
511470 953933
59396 15900
836820 705545
558711 811915
146312 800902
299990 822552
338296 248564
410222 192399
501029 42271
645431 555827
157531 644123
108685 641098
692193 836951
793062 776476
806092 672742
503885 730081
321889 623818
676559 728713
135153 144029
626238 288107
917424 46642
555676 599283
918443 805484
607244 411050
725694 677359
123219 797660
657881 535695
346895 829525
325539 633791
739539 995195
880037 630991
562498 883691
452834 255937
711103 241566
313432 41564
675366 571957
512073 460545
190107 982582
615471 943655
671014 969053
604364 33505
423762 240451
936107 395471
896379 161089
149259 824150
651072 28221
110467 108984
210345 672391
269540 631800
178824 973298
869387 994055
692023 723466
68649 274349
719504 233477
908940 974039
476773 854055
672248 723112
389570 534392
905959 866825
261974 93333
860250 783573
837041 108772
744425 861519
972578 560419
968959 825419
788543 1204
519371 337179
596528 82248
453752 905225
313767 508562
768485 570076
166851 940382
344527 115611
404522 81466
245460 605296
652020 590835
18720 800767
183112 689512
210715 827094
711024 788467
324154 393838
421322 584886
456270 271888
370334 989254
406284 181679
102606 314531
912170 348764
221773 685406
392524 33229
422484 252643
673272 774656
183814 672436
430004 113170
453346 819769
282753 215162
722339 515919
631424 489866
549378 369061
787034 417727
880832 286646
901992 190625
151830 441845
443178 591940
236906 379988
76023 474306
196813 43762
339295 393168
918742 571636
481135 584546
803852 91889
758217 554399
906096 553560
457070 3485
370166 552173
473999 548040
86271 398131
25389 664400
19822 452703
346597 883314
562465 372727
794625 802588
791736 859871
415762 421438
304729 578379
399435 377752
173922 302799
84505 764218
421315 56182
850856 714012
19394 770221
16271 947453
887190 332222
350579 688645
843623 958460
966272 819364
122642 759019
229540 533420
435777 651752
378415 149281
331066 622117
708713 774901
605447 727853
443999 656418
353477 573861
132961 28297
565091 698072
731626 690665
825391 572267
587200 332680
439756 508348
485156 142182
594768 192524
643549 581183
236589 198769
422331 814566
306728 386668
876654 392766
158221 761812
750850 152572
292016 841798
744077 111186
373857 410130
836589 346491
816999 83857
412752 70781
247917 126796
873937 379407
196622 720137
956298 529836
188736 507936
82887 821110
57641 576020
944268 454022
345919 887356
441382 676599
310307 509094
120888 70225
213477 334495
54396 24064
642801 10805
996665 862930
372680 88399
940654 213405
985159 930721
736855 666104
682688 547768
257054 792384
507449 40991
144248 309726
44758 480514
992657 271537
94115 587322
826407 517891
62463 822608
968142 189603
129256 228910
67474 232143
814310 538729
454584 5919
227105 479962
416111 408021
975521 612475
597020 221994
634703 824597
200719 246825
839074 566651
674025 951905
72000 855597
909683 483503
549416 612155
682065 886588
413984 754586
332981 251047
120082 787586
144795 897524
32916 781210
657162 832462
528821 512746
491539 783165
19260 433145
443094 654071
920209 146833
152352 734338
387229 9973
22482 551191
133241 610821
894063 832124
364757 295969
653451 787104
508425 691067
230763 402643
269628 781770
805121 503227
739737 211332
77232 69265
929560 153425
474902 908895
335472 421233
296607 760043
272970 684893
350666 175110
447579 223605
201188 760251
875897 395103
211580 603738
812492 959735
3832 224357
385418 760277
969627 525579
633319 16777
806350 344204
399051 777911
594114 738684
117743 857567
603271 119895
858691 943036
338981 681877
232284 623817
116526 46097
274547 334075
555149 865768
811488 319032
258311 262568
713606 204254
666882 168490
503533 422030
762178 605294
653408 477587
531830 767349
802075 637789
94496 483022
418853 836602
343967 758738
682710 159905
61697 714974
494951 923843
851782 612607
639131 14704
86431 207318
423102 547847
237978 840349
39769 239320
137690 483869
942381 521394
867242 88247
419530 194596
478663 158635
22277 279669
589993 16795
162050 53699
545785 394714
705930 962241
479645 199002
369871 577518
619557 472366
428005 148966
238339 173676
360161 337432
82102 539086
4487 295886
138481 448310
883412 373382
509010 862710
955534 269513
110668 837238
51885 890119
865473 749570
44367 54998
352361 700630
733782 499721
800010 673262
651086 121338
964786 844352
580767 674430
712771 60421
453371 392380
756411 326915
152205 184978
572279 905136
684654 132085
271243 284736
205325 732228
225400 203507
641504 308771
18827 955100
972479 863930
178352 233328
309809 998227
54106 635432
614539 684618
376603 486422
315990 612917
453205 10328
363446 45091
292028 750998
269676 187942
695223 224864
31694 995687
395560 491876
954302 749799
112036 438030
153829 494198
272381 175272
940690 273359
9256 19302
854269 143284
884130 510706
254188 806940
79596 338266
845221 824843
548730 914645
729008 552257
17924 738478
370293 337430
945628 174199
114815 188418
218669 104867
919393 904505
587865 773769
423786 407441
38350 3204
33930 680973
907399 829525
283363 604127
657093 165538
419975 679692
625259 243082
901711 266818
792606 823086
546260 529186
744220 973125
255078 290926
268944 833071
275047 227600
111441 433604
993601 915099
676449 367575
693363 567012
326445 744607
729717 240147
63786 164902
370208 639126
236975 656421
825061 890669
817221 303773
334193 927594
277598 293394
756671 977602
321329 346421
864099 61028
314036 34627
494521 333221
949415 211208
81194 28032
268230 506304
736142 878997
984422 851253
64399 745037
309581 483156
525103 531720
346603 311955
565879 370271
791854 762505
428883 849846
179522 786100
886024 993318
985661 348001
132314 87665
122895 954767
791347 914577
298341 66311
30313 584389
723973 603519
587783 278904
397998 290651
491396 357362
76042 439483
398354 518186
124760 542287
256165 506573
9085 941120
73843 121884
108904 12629
659314 67607
589010 77790
510092 152064
751273 48268
123482 344942
92243 349656
355756 89453
276071 192822
728375 263729
16427 344793
309247 47625
540937 365761
893112 555736
912405 221438
981453 196050
308407 161205
874205 603099
804283 332476
352272 249913
166208 684797
403624 816155
829769 583572
936916 874077
259772 657232
387026 911072
288509 582292
30308 203309
672446 391133
232433 517935
960805 597142
647911 858280
304805 664867
578589 40871
434491 105959
97450 922235
639185 373910
341358 707381
82774 970527
114205 769923
836543 558698
774219 774836
65275 144723
440500 309373
722898 658355
512551 534545
660770 235795
338143 139508
374686 279909
437409 474420
255321 621926
7507 373848
882091 47518
729890 442043
406903 438483
844612 427080
810910 917748
937556 3635
102872 414335
876198 541073
14090 672796
699693 291016
725205 97618
638437 368962
18331 180950
861022 293998
126278 169158
521869 998571
354251 639959
747406 954325
245462 322232
148457 290309
664302 869481
953657 195391
15667 403061
299311 247603
565908 329172
764756 707679
724468 21906
884949 870706
188787 143202
415803 386260
138356 642787
315967 892469
439207 989794
770441 956721
108674 316088
877967 412993
39767 795241
725149 752985
764595 233003
376587 615502
392994 173306
869165 466790
1515 598323
557211 12649
568768 675798
709230 307820
238418 56883
5229 910772
339721 415187
207836 633624
997775 430591
357093 269035
660956 329980
102898 688446
2753 623101
292356 607687
133911 545548
905688 898765
72524 174637
546094 437539
928933 392396
808427 4282
706879 683915
470074 705908
492549 179906
778396 963025
259791 159165
856280 476451
814156 96171
26068 239171
812848 958385
800868 512024
245294 558085
605563 522238
866603 629928
986654 617655
864068 705552
269735 541764
811020 474603
530816 555450
590612 902556
404745 469514
693625 68760
996636 650900
353524 463366
499193 907385
127410 146666
864192 757056
242825 903646
35009 313436
381298 98327
388109 228693
82259 819144
26803 828604
61613 560482
789429 89432
606039 173204
818988 89480
887910 799622
942341 825496
292328 665640
664510 639414
2537 742251
248822 359586
458012 640070
349268 459275
869337 944587
379347 847861
880368 679153
963713 307632
833627 251372
534808 468785
399867 417101
474362 990765
76158 832013
327669 455932
913577 573567
172328 45922
603481 890629
812207 925805
999567 63243
168679 315852
475837 196486
891062 453687
215717 379189
530931 809613
499463 616963
566843 281808
474980 934843
293410 443624
978874 781653
267224 293722
94534 136568
258592 336471
834787 249814
85635 726420
160903 40364
747640 844496
820568 161774
566953 908973
906752 756814
686046 198711
724888 814979
463776 376217
591103 513324
934637 780978
439697 709204
865449 780285
817213 438288
708178 931553
859846 76443
292663 144750
424427 46138
192866 450665
837420 738228
785406 255933
698358 984160
342919 439247
928461 157539
13877 65988
947923 717942
723213 264018
75741 331272
625747 838950
596406 310667
424600 934858
184554 22170
195395 74274
99064 31567
382065 839262
174837 571257
559254 170642
115181 372687
223827 292410
847117 527399
489107 983812
310190 895450
890289 616689
366600 23282
486540 836949
407384 570122
769149 391263
20149 723929
19423 149497
288746 735904
28183 250421
78191 726162
926837 500490
460394 269444
898574 331139
498496 719132
577709 530168
620350 785438
136667 788368
582231 819839
901804 20970
642505 367182
779581 926356
68282 584287
910100 320358
470547 1489
404519 121835
946396 643505
772075 324456
525519 707711
384252 963967
620736 95343
95288 38832
444682 240612
834501 546971
997550 484697
72648 638426
992403 611590
136871 9057
326 459736
759090 328814
795371 996583
266627 827245
593384 307193
663859 977484
967483 394459
361787 65868
86073 313849
433443 33621
769386 148274
613554 233130
358050 163180
580058 578954
285694 827505
364285 456265
949418 656736
765994 625593
610625 75330
674172 275058
476243 819598
512718 752995
987450 672509
679979 480608
743167 623510
599645 667859
795768 791447
926902 923995
14803 22243
841537 865367
460619 376352
171667 530807
937521 680360
720794 129794
448904 13356
11837 117797
572775 812190
525462 22046
684266 310565
261937 907812
28036 229832
16969 795280
869629 977211
982857 500398
965678 689744
705163 190967
279402 255980
566441 16048
467206 105430
807322 823748
148312 995134
313967 456511
760199 141050
466614 55587
746252 522946
927041 433553
133888 257490
754250 822696
902066 521289
458544 456343
263666 763404
30877 876681
347699 441788
511832 851603
741881 385851
82405 576167
205457 749189
493022 765240
695537 935303
7236 291674
609368 376517
154474 959067
806711 669596
717722 638106
327549 280612
995935 683590
406209 521786
448401 957190
348918 983451
308524 920362
866800 262445
760519 592597
612199 451447
96253 800375
730282 156932
45630 315593
472710 518374
623016 427738
492440 701116
187296 854194
792146 88005
497309 263757
385204 262049
837197 990652
989506 152535
565024 145989
692062 164247
379670 699426
170070 172950
741870 51359
997109 650619
103746 436897
78729 669598
712405 457180
3240 996368
958014 119724
131081 796237
404891 152949
464584 24671
211727 822819
487944 983014
487709 360670
575947 546682
482298 10069
631471 752988
161281 900790
508205 842102
709644 757260
142540 916546
886105 733832
434821 379521
81552 350382
898397 63649
723277 394145
553429 742892
572702 473948
724540 759392
890174 470680
195856 740863
889923 384260
874201 782956
678447 535903
292922 645378
52462 897872
411342 189870
636346 932142
202269 832413
175456 999329
904549 494767
801766 746044
589999 135065
206821 737592
37011 633273
875339 720911
55756 315116
365812 456274
970626 577280
282707 125447
382154 479370
796595 149277
394996 972997
288589 912313
174401 447422
501733 187056
370963 174619
938331 891279
930497 930952
271223 935819
380378 548631
474077 296125
24381 40135
999791 18596
787733 584318
802768 756630
16813 532710
913532 301791
249680 715211
370742 691238
243976 187323
530839 488890
793894 499145
540542 930956
787984 995328
469377 914121
982549 431401
272492 751810
423612 763833
972678 975131
674422 467529
926728 468381
783293 864409
972236 186343
480875 167843
486788 718540
833979 854341
224097 555164
567923 458404
645780 772148
803413 646336
906911 126224
595221 951315
48681 931629
234115 555664
649136 716740
557171 451443
881241 49359
190708 737595
560747 782521
598624 945330
210886 718816
380963 547892
650855 165251
860733 552111
471490 478113
86231 408073
873896 80736
505994 401936
248339 978398
440574 840337
325244 938447
999274 160091
494333 220863
208826 796562
812414 673794
415780 811979
96025 455654
684363 643675
236028 186798
938523 788277
109452 916031
931791 602676
710875 100280
638238 326556
804460 57532
61180 683025
570055 17725
501274 841898
19087 973192
993639 209386
546072 812858
513863 899979
765999 167138
97915 452102
844264 862430
